score
3
5
23
2
11
19
13
8
9
10
3
16
9
10
13
9
10
10
8
9
3
7
12
6
8
8
14
6
25
5
19
12
13
6
24
4
10
9
20
8
10
12
6
10
19
6
3
20
12
2
24
10
9
13
11
8
9
9
10
5
5
6
16
9
6
7
3
5
1
8
8
14
27
1
5
4
5
21
14
6
5
99
8
27
17
6
9
10
6
14
20
4
5
6
3
5
13
38
13
12
6
11
15
5
10
10
17
6
8
8
22
6
7
8
11
7
5
14
10
7
10
5
7
4
6
17
10
13
15
21
17
4
7
3
26
17
3
7
6
4
8
18
9
6
10
5
6
3
13
15
27
17
11
3
29
11
4
5
12
7
2
16
3
18
11
3
40
4
20
4
12
12
10
15
4
9
6
4
4
12
3
6
16
4
10
5
16
7
11
4
6
16
5
9
12
14
2
13
4
8
3
13
6
9
6
9
5
3
3
11
9
6
2
11
9
18
3
2
22
2
3
20
19
11
6
16
7
5
26
7
8
15
6
9
4
4
9
7
11
4
7
13
4
7
12
21
38
8
4
5
21
25
18
29
8
12
9
8
4
6
22
11
16
3
11
9
5
83
6
10
17
9
9
2
2
