temperature
2.4
1.6
94
1.1
2
5.2
6.4
-2.7
92
1.5
0.3
2
5.1
4.1
0.3
7.3
95
2.2
-1.4
8.8
4.8
8.5
0.1
32.3
4.4
6.3
4.6
5.5
1.5
14.7
0.1
4.6
1.6
-2.1
4.4
12
8.9
8
2.6
6.8
4.3
6.4
17.3
2.3
-0.5
1
7.6
2.1
12.3
6.5
-1.4
3.5
-7
-3.2
4.7
3
3.2
5.9
11.4
-1.5
-2.4
12.3
4.6
-4.3
1.3
7.6
-5.3
7
-6
1.5
6
-8.2
-1
5.2
-1.9
-3
0.4
7.7
1.3
11
3.3
2.3
2
0.5
6.4
7.4
4.1
5.6
7.6
5.7
3.5
-2.4
1.8
8.9
-2.1
2.9
0.6
-1.2
2.2
4.1
0.9
3.9
-6.4
-2.1
11.3
-4
4.2
6.8
0.1
6.6
3.4
3.6
8.9
2.1
-9.2
12
3
36.3
2.7
-4.6
-4
-4.4
2.1
34.3
-1.9
1.9
4.7
-0.4
33.3
-4.1
-0.8
6.2
1.4
12.4
3
-2.7
-1.1
2.5
9.9
8
9.7
2.6
6.5
-7.1
10.6
37.3
4
1
