score
81
59
83
37
45
35
41
48
40
32
39
11
35
26
49
31
39
58
44
57
38
53
32
39
50
29
53
43
60
40
60
49
45
57
38
41
59
0
33
31
42
45
50
33
36
13
53
22
41
60
25
38
34
32
59
60
29
22
34
13
19
0
51
42
39
56
60
32
41
42
36
33
55
40
53
42
44
60
52
36
57
25
50
37
41
20
32
36
42
55
35
19
27
36
47
29
45
40
37
60
59
54
43
46
41
50
47
54
37
56
37
34
60
24
48
60
38
36
29
60
35
60
60
60
38
8
29
60
11
60
49
30
45
8
28
20
47
60
19
41
48
60
12
49
56
16
37
33
31
46
50
53
48
60
42
50
30
60
27
42
34
51
39
0
30
41
49
22
36
20
42
19
46
18
31
29
18
31
59
57
60
40
47
22
15
60
41
30
5
60
48
46
33
38
38
51
49
60
33
48
44
32
58
57
53
46
51
52
39
42
52
35
24
34
26
23
39
53
31
34
32
29
38
36
60
34
33
31
9
36
34
60
25
41
54
33
42
28
20
44
24
45
41
50
45
37
44
36
38
33
42
4
33
30
26
31
29
37
5
28
15
26
29
21
31
39
46
2
43
57
51
44
51
54
42
20
40
30
17
33
60
59
39
56
35
41
21
28
60
28
31
19
46
54
26
13
60
33
31
48
