hair
6.2
5.4
2.4
5
11.5
5.1
8
8.9
8.9
8.4
5.1
11.8
3.6
12
9.3
8.6
11.9
11
8.2
7.6
5.7
4.6
10.2
2.9
7.6
2.1
6.4
5.4
12.4
7.2
5.6
6.2
5
10.5
9.4
9.2
9.2
10.7
3.3
9.4
0.9
6.7
7.2
8.6
8.1
2.2
3.4
4.3
2.6
7.1
4.1
4.7
7.3
13.5
10
3.3
11.5
7.6
12.7
12.2
6.4
8.5
7.3
6.2
5
3.4
4.4
11.4
6.1
6.1
6.7
7.9
10.1
1.7
7.7
7.5
4.2
4.1
10.1
7.6
11.2
9.9
6.9
2.1
6
4.1
6.5
8.8
13
4.4
5.9
6
5.5
7.5
7.4
6.1
6.6
12.1
7.5
7.9
0.5
8.3
1.3
8.1
11.4
5.7
7.1
7.2
8.4
3.2
5.4
11.2
7.3
8.6
7.8
4.9
8.1
3.6
6.3
6.4
4
8.2
3.3
8.5
9.6
8
4
1.9
5.6
2.3
4.4
3.9
6.6
6
0.1
12.6
10.9
10.9
2.4
0
4.6
10.1
4.7
11.8
8.3
9.3
8
5.2
9.7
8.9
6
5.3
5.9
11.7
3.1
6.2
1.7
7.5
1.7
7.9
5.3
4.1
0.3
1.1
7.4
3.9
10
11.8
11.8
7.6
11.6
9.5
8.9
5
8
3.2
4.5
10.7
7.1
3.2
10.7
6.1
7.6
1.1
0.9
6.4
6.6
6.4
5.1
2.1
5.6
7.8
0.1
6.6
7.5
7.4
7.8
8.9
5.3
3.8
20.3
23.7
20.3
24.9
20.3
21.2
12.7
19
19.9
20.3
21.7
22.8
20.1
17.9
21.9
19.6
20.4
19
17.4
21.2
19
20
17.6
19.4
17.8
20.8
19.5
21.4
22
18.2
18.3
17.5
16.3
19.7
19
18.8
19.8
16.8
23
19
17.9
17.7
16.1
16.8
19.8
23.9
22.3
20.7
20.6
15.3
17.1
17.5
17.5
24.2
14.6
22.9
22.3
21.3
21.8
20.5
20.1
21.4
18.4
14.4
18.8
17.4
16.6
21.1
22.5
19.2
20.7
24.2
14
17.8
22.4
24.1
23.6
27
24.3
19.1
19.2
22.7
18.5
21.7
21.2
18.2
21
17.8
20.1
22.4
20.6
18.9
21.4
17.7
22.1
15.3
18.3
17.4
21.3
16.7
19.9
21.1
18.7
19.6
17.6
20.5
20.5
29.1
17.4
20.9
18.4
20
19.3
18.8
22.8
22.4
17.1
20.2
23
18.8
22.9
20.4
22
23.5
21.7
18.7
22.7
20.5
23.1
20.8
24.1
16.3
22
17.7
20.8
21.5
14.5
19.6
21
21.4
21
23.5
21.7
24.4
26
19.6
25.6
19.3
19.8
17
21.5
20.1
16.9
23
18.8
26.8
22.7
23
19.2
16.4
19.2
24
25.8
14.7
17.7
20.4
23
18.9
15.2
17
20.5
20.4
22.7
19.6
25
18.1
14.9
23
20.8
21.9
18.6
14.9
29.4
24.7
22.5
23.4
18.3
16.3
17.3
25.1
16.4
18.6
16.1
19.8
15.9
18.5
22
19.9
17.9
13.2
