sound
5.1404e-08
1.37593e-07
1.04031e-07
6.5868e-08
2.17058e-07
3.8778e-08
1.09549e-07
8.2045e-08
1.8625e-08
4.5687e-08
2.33812e-07
8.0224e-08
1.33679e-07
1.34975e-07
7.4072e-08
2.282e-08
3.99133e-07
8.3895e-08
1.22404e-07
1.2485e-07
2.08123e-07
1.19992e-07
7.3222e-08
2.82886e-07
4.8805e-08
1.21194e-07
7.154e-08
1.31113e-07
9.01e-10
5.4098e-08
9.5612e-08
1.55485e-07
1.91031e-07
4.14e-10
3.14617e-07
8.5774e-08
2.9386e-08
1.87734e-07
3.5105e-08
1.0537e-08
7.4072e-08
9.284e-09
7.9324e-08
1.2485e-07
2.85075e-07
1.26085e-07
3.9324e-08
2.5958e-08
1.0843e-07
1.52632e-07
1.32391e-07
6.9069e-08
2.47453e-07
2.5958e-08
2.06367e-07
9.3584e-08
5e-12
1.61303e-07
8.7682e-08
8.1131e-08
7.4072e-08
4.04715e-07
1.58375e-07
1.06215e-07
3.1214e-08
2.2079e-08
8.7682e-08
1.27329e-07
1.54054e-07
6.4308e-08
1.12956e-07
1.1206e-08
1.6745e-08
1.87734e-07
4.6299e-08
1.38915e-07
2.02887e-07
6.4308e-08
3.26529e-07
1.18799e-07
9.0599e-08
5.9781e-08
1.40246e-07
7.7545e-08
2.37654e-07
4.7541e-08
3.48759e-07
1.36279e-07
1.68787e-07
5.689e-08
2.85075e-07
8.2045e-08
1.11813e-07
2.43e-10
9.2582e-08
9.2582e-08
3.8002e-07
5.1404e-08
4.654e-09
2.282e-08
9.6637e-08
3.956e-09
6.7456e-08
7.7545e-08
3.533e-09
8.3895e-08
1.47037e-07
2.0999e-08
3.5614e-08
1.06215e-07
1.0843e-07
8.4831e-08
3.2635e-08
1.06215e-07
2.4748e-08
3.029e-08
1.17614e-07
8.9619e-08
8.9619e-08
1.65764e-07
1.28582e-07
1.41587e-07
1.34975e-07
2.1715e-08
9.767e-08
1.18799e-07
1.0321e-08
1.47037e-07
7.5795e-08
9.8711e-08
7.8431e-08
2.9836e-08
7.4072e-08
2.435e-07
4.905e-09
1.49816e-07
4.6917e-08
1.65764e-07
1.354e-09
1.32391e-07
3.2156e-08
6.8259e-08
8.6724e-08
3.00729e-07
5.2068e-08
1.87734e-07
3.36282e-07
2.17058e-07
5.2068e-08
6.2773e-08
2.0648e-08
2.01163e-07
8.4831e-08
1.2386e-08
2.76e-10
1.365e-08
6.7456e-08
1.5122e-07
1.365e-08
1.01e-10
1.752e-09
1.04031e-07
3.21727e-07
5.8323e-08
5.77004e-07
3.77343e-07
3.96362e-07
7.4072e-08
1.1206e-08
1.2485e-07
3.09939e-07
3.8237e-08
8.8647e-08
2.3197e-08
8.5774e-08
9.6637e-08
1.28582e-07
6.933e-09
2.2079e-08
4.817e-08
3.1214e-08
6.5085e-08
9.3584e-08
4.817e-08
1.44294e-07
2.1715e-08
2.637e-08
1.78084e-07
9.8711e-08
2.31907e-07
1.89377e-07
2.57531e-07
2.33812e-07
3.2156e-08
1.7049e-08
1.04031e-07
3.41235e-07
5.2068e-08
6.59959e-07
8.323e-09
5.66e-10
6.2773e-08
3.48759e-07
1.1436e-08
1.06215e-07
1.96051e-07
1.89377e-07
7.7545e-08
2.4748e-08
2.01163e-07
3.64155e-07
6.83955e-07
2.24396e-07
8.5774e-08
1.19992e-07
1.22404e-07
2.1525e-07
1.2632e-08
4.3296e-08
8.6724e-08
2.5958e-08
7.7545e-08
5.69845e-07
2.22546e-07
7.2377e-08
1.32391e-07
1.33679e-07
2.67894e-07
6.7456e-08
5.3415e-08
1.68787e-07
2.28e-10
2.74249e-07
1.79668e-07
6.2015e-08
2.31907e-07
3.8237e-08
3.4373e-07
2.5147e-08
2.93948e-07
2.08123e-07
2.39592e-07
5.9049e-08
2.33812e-07
4.5687e-08
3.8e-11
1.6745e-08
2.637e-08
3.3608e-08
9.2582e-08
7.4072e-08
7.5795e-08
4.9446e-08
5.8323e-08
5.2739e-08
6.2015e-08
5.9781e-08
8.7682e-08
1.28582e-07
7.33769e-07
1.04031e-07
1.2386e-08
2.13452e-07
1.54054e-07
2.01163e-07
2.6787e-08
1.54054e-07
8.6724e-08
3.029e-08
2.154e-09
1.0107e-08
1.2882e-08
2.59e-10
8.2966e-08
1.946e-09
1.67271e-07
6.0519e-08
1.52632e-07
2.637e-08
3.92e-10
5.9049e-08
1.4181e-08
8.509e-09
2.9836e-08
9.3584e-08
7.4072e-08
2.8941e-08
1.41587e-07
1.61303e-07
1.49816e-07
3.4373e-07
1.32391e-07
9.284e-09
2.9386e-08
1.29843e-07
4.3296e-08
8.0224e-08
1.47037e-07
3.61556e-07
8.3895e-08
7.6667e-08
6.2015e-08
1.5122e-07
5.3415e-08
1.10677e-07
9.81e-10
7.493e-08
1.64268e-07
1.67271e-07
2.89488e-07
1.01e-10
2.1715e-08
1.22404e-07
4.9446e-08
1.12956e-07
1.73392e-07
7.434e-09
8.2045e-08
3.5614e-08
1.365e-08
1.59834e-07
1.27329e-07
4.3885e-08
6.5085e-08
5.0093e-08
8.2045e-08
1.07318e-07
9.69e-09
4.8805e-08
1.55485e-07
6.6659e-08
8.2045e-08
9.01e-10
1.22404e-07
5.38399e-07
1.4181e-08
9.767e-08
5.0745e-08
3.1683e-08
1.06215e-07
1.04031e-07
2.13452e-07
9.3584e-08
4.0993e-08
2.2447e-08
4.8e-11
1.34975e-07
2.35727e-07
1.6445e-08
2.4353e-08
5.3415e-08
1.05119e-07
7.264e-09
4.1561e-08
9.1587e-08
1.68787e-07
2.26258e-07
1.96051e-07
2.63714e-07
1.2882e-08
1.73392e-07
2.0648e-08
9.2582e-08
4.1561e-08
1.64268e-07
1.5569e-08
2.9386e-08
7.95031e-07
1.04031e-07
1.78084e-07
5.689e-08
6.1264e-08
1.44294e-07
5.2068e-08
2.5147e-08
2.6787e-08
9.767e-08
4.6917e-08
4.39362e-07
1.516e-09
4.905e-09
5.4787e-08
2.39592e-07
5.689e-08
2.02887e-07
2.8501e-08
4.6299e-08
2.0999e-08
5.7603e-08
2.63714e-07
1.61303e-07
2.9386e-08
3.5614e-08
3.029e-08
1.99449e-07
1.68787e-07
7.3222e-08
1.17614e-07
5.4098e-08
1.37593e-07
5.4787e-08
5.689e-08
1.21194e-07
1.27329e-07
1.10677e-07
7.4072e-08
7.7545e-08
1.67271e-07
1.52632e-07
1.19992e-07
1.0107e-08
1.87734e-07
1.64268e-07
4.2134e-08
3.2156e-08
5.0093e-08
1.40246e-07
7.7545e-08
1.22404e-07
6.772e-09
1.94367e-07
2.282e-08
1.6745e-08
2.014e-09
1.3134e-08
4.3885e-08
2.8065e-08
9.4594e-08
3.1683e-08
1.78084e-07
2.7635e-08
9.2582e-08
9.4594e-08
1.48422e-07
2.06367e-07
2.76391e-07
3.4601e-08
1.73392e-07
1.78084e-07
5.2739e-08
4.5081e-08
1.45661e-07
3.19344e-07
2.637e-08
4.7541e-08
1.5569e-08
4.3885e-08
1.5122e-07
1.6445e-08
3.71e-10
3.1683e-08
3.3119e-08
1.71847e-07
1.40246e-07
9.5612e-08
5.689e-08
1.44294e-07
1.00816e-07
1.22404e-07
8.5774e-08
3.5614e-08
1.6278e-07
1.97745e-07
1.29843e-07
2.09889e-07
6.5868e-08
3.5614e-08
1.33679e-07
2.9386e-08
1.38915e-07
9.69e-09
1.29843e-07
2.227e-09
2.9386e-08
1.2386e-08
9.6637e-08
7.071e-08
2.96196e-07
7.6667e-08
6.92088e-07
5.4098e-08
1.8625e-08
3.2156e-08
5.9781e-08
1.2485e-07
7.4072e-08
7.3222e-08
3.143e-09
4.0993e-08
4.85525e-07
7.434e-09
3.26529e-07
7.42311e-07
2.72119e-07
3.029e-08
1.42936e-07
3.029e-08
