variable
92.58
81.45
58.84
79.91
72.77
89.1
66.53
47.8
58.17
47.34
69.51
45.8
111.32
52.75
85.08
60.5
68.62
48.95
75.81
65.29
51.34
65.73
51.48
57.06
29.28
69.85
98.6
50.42
50.51
51.75
81.86
59.19
75.09
46.81
65.88
58.16
35.41
81.17
47.59
64.44
89.04
67.35
64.31
58.35
78.7
36.7
68.97
54.78
60.45
46.18
78.33
67.32
68.59
64.34
49.6
61.95
68.2
43.38
37.64
57.46
71.16
63.91
67.77
68.19
67.95
82.21
60.77
59.71
58.25
81.81
50.43
63.93
51.53
43.44
46.08
47.26
60.52
70.59
55.78
50
65.67
52.34
82.56
52.11
93.82
70.54
21.73
65.78
70.16
78.63
72.98
64.08
54.53
47.11
72.03
64.04
52.27
70.8
63.62
50.34
55.75
55.81
57.65
27.27
83.17
37.17
77.16
73.56
60.07
73.03
68.05
46.47
46.47
65.86
71.15
59.66
57.72
86.18
49.13
77.92
71.75
57.01
49.93
55.56
30.65
76.97
75.04
68.42
55.92
61.21
32.28
72.83
79.27
70.8
47.93
75.85
77.74
58.6
31.77
58.3
62.05
67.72
48.98
43.84
80.54
60.31
43.19
85.33
44.2
47.65
75.57
72.51
47.21
58.93
77.08
49.04
30.44
67.91
54.69
71.76
74.09
59.49
78.83
67.24
46.68
37.23
60.82
67
46.73
74.94
50.68
49.92
39.14
48.08
69.83
82.6
65.27
60.83
61.96
70.03
35.88
58.34
66.54
85.22
72.34
48.08
61.21
67.83
79.41
40.63
46.66
54.43
62.68
66.57
46.83
37.62
67.86
60.34
48.04
60.89
61.02
