trait
41
54
65
45
77
82
58
45
65
66
40
49
85
67
71
20
54
71
89
77
27
62
53
49
55
77
48
52
62
62
47
74
84
75
53
72
73
53
64
53
58
55
45
55
46
40
60
59
72
75
60
62
39
65
60
49
31
43
44
44
27
68
40
78
68
64
55
76
54
94
73
60
55
66
44
84
64
54
65
78
81
40
75
59
47
46
45
47
79
22
64
78
46
59
67
48
41
76
60
56
53
59
55
62
88
87
58
58
64
25
56
62
95
81
63
82
53
87
53
53
65
57
75
58
55
57
69
46
62
71
69
40
75
49
54
68
53
45
58
58
35
42
61
53
84
52
39
52
50
58
90
86
67
33
56
57
60
57
70
44
55
59
59
96
78
40
63
43
59
79
81
68
73
68
56
43
54
55
75
84
41
55
46
84
65
33
38
50
44
27
50
59
78
75
63
76
50
49
66
48
55
81
38
68
64
74
45
56
55
32
41
49
77
74
57
91
107
93
125
128
69
93
103
102
113
104
112
103
84
89
111
102
104
75
114
105
92
77
113
79
109
109
125
96
98
94
91
93
103
132
87
87
80
112
83
97
125
117
128
121
107
98
98
124
91
91
109
92
83
82
88
102
94
99
103
110
90
88
87
104
105
123
112
97
77
107
123
89
121
110
107
71
87
106
72
78
135
97
84
101
108
98
95
100
85
130
121
94
71
121
104
71
105
101
122
111
88
98
90
83
89
103
